,pred_0,pred_1
real_0,0.9924575030958009,0.007542496904199032
real_1,0.0005576508225349632,0.999442349177465
